3101 5983 1307 5376 801 1341 3759 725 5168 6061 9147 7516 4972 7126 2396 
4203 1715 4925 813 8117 3570 7904 7016 5625 3622 5092 9900 172 5219 7772 
336 744 4233 6398 1303 5172 755 1681 1924 9302 8178 1066 3855 4742 6633 
2887 9049 7749 3834 331 284 7214 2434 6603 8679 7980 7568 6632 5897 6381 
4155 110 363 5477 4389 6732 7795 5638 7146 6742 1510 7934 382 6568 1758 
3857 3126 9275 6764 2664 4325 2556 8576 7722 1306 5947 2551 9579 5544 7410 
2964 3027 839 9271 8034 2320 953 5795 9784 7966 6287 1940 622 3269 2796 
7711 1151 9860 7642 2138 8960 2429 8796 8506 7008 3873 1220 4872 1712 9997 
3174 5977 869 1765 1261 9934 8124 672 4989 7513 3677 6660 88 6962 1155 
6116 1188 6457 7739 5527 3437 6060 4539 4059 2071 4667 7077 3209 4967 3818 
1339 4043 5299 6007 4021 4795 4246 9357 6433 8558 2313 3704 523 2305 1599 
3001 494 9746 6703 8188 7401 5250 7671 9897 3429 4890 2654 2648 9382 3820 
9243 1961 9328 7915 3205 1826 1468 7630 1451 2458 9787 3696 2421 8534 3242 
492 90 2753 9814 6055 771 7873 7890 5662 9264 8472 6583 3026 1034 3641 
1932 4337 8040 7212 4598 7511 166 9043 2433 6325 2898 1198 3263 6273 4025 
8523 4929 2893 7043 6578 8548 2172 8506 5600 4365 2242 8272 2579 1513 5196 
9681 5030 142 9473 3718 1756 2630 8423 5900 2226 5245 248 3141 6272 8504 
5094 7821 5313 3320 7261 5696 180 9920 6616 4234 9345 6627 8247 4815 48 
5682 7823 4748 1014 4069 1714 5933 977 8855 4865 9345 2759 3943 9312 7867 
7114 2636 4201 954 1198 792 3587 4891 9694 5409 371 8733 9436 1884 3012 
4613 7448 5883 7028 1604 8147 3944 6863 5478 1763 3570 9055 3115 7145 1672 
2276 2827 1890 3811 9025 4246 2524 2665 6247 9067 2761 3055 8582 4762 5784 
1983 9185 3450 4546 9931 321 2063 6403 9104 9565 439 2506 9790 1833 4580 
7010 8983 140 3839 273 6742 1926 6043 4593 7827 1858 2727 2990 3620 3320 
1528 4495 3413 4422 2711 8152 1131 448 2694 9807 9061 6710 1737 3101 8788 
3733 7555 1864 8301 5520 622 671 1629 497 5599 1222 3644 3114 1513 3794 
4421 6353 1921 5719 5605 5228 9378 8272 6578 1545 3746 8574 734 4033 8661 
9414 1164 7757 5072 804 7762 3273 1888 2996 2463 953 1388 5186 3823 3258 
56 1792 1037 842 9116 265 7096 8650 501 1955 7161 1906 1914 6970 148 
5046 561 8811 5773 5528 6611 3582 1837 2638 3021 360 8725 9206 6633 6079 
2242 4375 5196 6799 2833 5178 4433 4060 1061 9512 5958 6681 2024 7829 8645 
9913 9038 9342 2391 4629 4192 1135 8100 6765 7943 2328 6701 5682 9222 8097 
2701 8611 189 795 9997 1206 204 9145 1176 9850 3621 4255 1231 2506 8566 
1465 9069 7445 8245 7056 1933 4476 2860 5593 219 347 2599 2670 5672 2315 
8251 7392 1250 2615 3594 2925 1427 606 9028 2223 9097 6569 2768 1558 7398 
4382 7979 199 7529 9188 3248 1636 4269 4695 5402 4078 96 3902 2502 1768 
6582 7883 1131 9326 2079 8579 254 7253 6518 9327 1745 8053 2700 7202 8365 
8949 5605 7068 5248 2806 4817 8191 9704 4307 1149 3136 7537 4230 8539 9359 
4523 1038 7839 1514 9743 4752 2508 1039 915 812 5135 433 9053 2738 4633 
8157 5989 1733 7059 1294 3613 526 9245 1549 677 5139 3319 845 474 5082 
8340 2070 1871 5209 6220 8304 8687 6992 5233 5186 8193 5641 2740 4028 2669 
1006 5064 2658 7551 1292 6872 2058 1802 5991 4501 9784 8334 9215 8194 3143 
3676 5361 1507 1435 7929 6784 6867 2084 6354 6293 8774 4102 9344 5397 4862 
647 876 8354 7842 7353 5140 9557 1915 4792 637 4298 1793 230 7788 460 
2182 9622 5936 3491 6497 7509 6258 7115 9454 3727 4929 9832 4259 7681 1799 
4278 2630 7867 1903 3365 8797 2937 8251 8997 198 1970 3665 7470 8777 6416 
6022 3348 1131 7537 8766 9289 980 5469 9522 2563 4787 1770 7619 8943 336 
9244 4862 1494 5538 6464 545 9856 7443 6299 1021 5398 9792 7567 5452 8924 
9557 3150 7429 126 9881 3954 7469 7802 4614 5611 560 8335 972 7322 3121 
4660 2101 8927 8014 7869 4844 1486 920 8569 5274 1143 2225 623 4369 5990 
7127 7307 7453 1432 1040 1891 7176 4671 1142 2702 7965 7815 9621 183 1711 
1930 6690 7711 1099 4753 2607 9233 5706 6717 1564 1642 236 9061 8048 1545 
434 8688 2537 9891 7770 6309 6064 1977 9056 1457 7136 7358 6355 2617 6056 
8868 6310 1409 1839 2983 856 2636 4632 268 582 4676 3110 3675 2255 1229 
9314 1114 7321 5845 7626 9180 6722 9023 8044 875 7161 4816 1060 369 1550 
137 2162 9533 6904 310 3104 9524 1349 8070 3026 7894 295 2157 7214 8962 
4941 2246 4254 5596 4431 6381 8292 9071 8047 2092 1005 5774 5964 9524 5081 
3423 1768 1150 2106 9562 5692 1922 6044 1614 9003 1672 8596 3413 5733 3614 
1019 425 3885 6297 5741 1799 2300 7951 6988 3155 9159 6997 5307 8252 5535 
9092 6856 8977 7208 6017 7465 2420 476 8269 11 2158 2224 4714 4023 371 
616 8848 8230 6215 1126 9918 1286 9842 8761 2485 7197 1952 1156 2033 1485 
2124 8779 3001 601 5342 4518 218 4455 4882 4655 2879 9846 9291 5870 5284 
4930 1159 7031 8090 8038 5877 690 301 1346 389 4476 2341 653 5679 2652 
5082 1948 2822 5897 5004 8787 6062 9562 4353 2235 4268 4461 784 4181 9773 
1244 2125 1582 8714 1596 310 660 1418 4744 1454 2712 4648 1247 9688 116 
5943 8713 2982 4815 787 991 4818 2143 1609 4652 6910 766 8442 3422 5751 
5439 5596 7169 799 3347 978 2062 5978 5640 9006 