11 48 56 88 90 96 110 116 126 137 140 142 148 166 172 
180 183 189 198 199 204 218 219 230 236 248 254 265 268 273 
284 295 301 310 310 321 331 336 336 347 360 363 369 371 371 
382 389 425 433 434 439 448 460 474 476 492 494 497 501 523 
526 545 560 561 582 601 606 616 622 622 623 637 647 653 660 
671 672 677 690 725 734 744 755 766 771 784 787 792 795 799 
801 804 812 813 839 842 845 856 869 875 876 915 920 953 953 
954 972 977 978 980 991 1005 1006 1014 1019 1021 1034 1037 1038 1039 
1040 1060 1061 1066 1099 1114 1126 1131 1131 1131 1135 1142 1143 1149 1150 
1151 1155 1156 1159 1164 1176 1188 1198 1198 1206 1220 1222 1229 1231 1244 
1247 1250 1261 1286 1292 1294 1303 1306 1307 1339 1341 1346 1349 1388 1409 
1418 1427 1432 1435 1451 1454 1457 1465 1468 1485 1486 1494 1507 1510 1513 
1513 1514 1528 1545 1545 1549 1550 1558 1564 1582 1596 1599 1604 1609 1614 
1629 1636 1642 1672 1672 1681 1711 1712 1714 1715 1733 1737 1745 1756 1758 
1763 1765 1768 1768 1770 1792 1793 1799 1799 1802 1826 1833 1837 1839 1858 
1864 1871 1884 1888 1890 1891 1903 1906 1914 1915 1921 1922 1924 1926 1930 
1932 1933 1940 1948 1952 1955 1961 1970 1977 1983 2024 2033 2058 2062 2063 
2070 2071 2079 2084 2092 2101 2106 2124 2125 2138 2143 2157 2158 2162 2172 
2182 2223 2224 2225 2226 2235 2242 2242 2246 2255 2276 2300 2305 2313 2315 
2320 2328 2341 2391 2396 2420 2421 2429 2433 2434 2458 2463 2485 2502 2506 
2506 2508 2524 2537 2551 2556 2563 2579 2599 2607 2615 2617 2630 2630 2636 
2636 2638 2648 2652 2654 2658 2664 2665 2669 2670 2694 2700 2701 2702 2711 
2712 2727 2738 2740 2753 2759 2761 2768 2796 2806 2822 2827 2833 2860 2879 
2887 2893 2898 2925 2937 2964 2982 2983 2990 2996 3001 3001 3012 3021 3026 
3026 3027 3055 3101 3101 3104 3110 3114 3115 3121 3126 3136 3141 3143 3150 
3155 3174 3205 3209 3242 3248 3258 3263 3269 3273 3319 3320 3320 3347 3348 
3365 3413 3413 3422 3423 3429 3437 3450 3491 3570 3570 3582 3587 3594 3613 
3614 3620 3621 3622 3641 3644 3665 3675 3676 3677 3696 3704 3718 3727 3733 
3746 3759 3794 3811 3818 3820 3823 3834 3839 3855 3857 3873 3885 3902 3943 
3944 3954 4021 4023 4025 4028 4033 4043 4059 4060 4069 4078 4102 4155 4181 
4192 4201 4203 4230 4233 4234 4246 4246 4254 4255 4259 4268 4269 4278 4298 
4307 4325 4337 4353 4365 4369 4375 4382 4389 4421 4422 4431 4433 4455 4461 
4476 4476 4495 4501 4518 4523 4539 4546 4580 4593 4598 4613 4614 4629 4632 
4633 4648 4652 4655 4660 4667 4671 4676 4695 4714 4742 4744 4748 4752 4753 
4762 4787 4792 4795 4815 4815 4816 4817 4818 4844 4862 4862 4865 4872 4882 
4890 4891 4925 4929 4929 4930 4941 4967 4972 4989 5004 5030 5046 5064 5072 
5081 5082 5082 5092 5094 5135 5139 5140 5168 5172 5178 5186 5186 5196 5196 
5209 5219 5228 5233 5245 5248 5250 5274 5284 5299 5307 5313 5342 5361 5376 
5397 5398 5402 5409 5439 5452 5469 5477 5478 5520 5527 5528 5535 5538 5544 
5593 5596 5596 5599 5600 5605 5605 5611 5625 5638 5640 5641 5662 5672 5679 
5682 5682 5692 5696 5706 5719 5733 5741 5751 5773 5774 5784 5795 5845 5870 
5877 5883 5897 5897 5900 5933 5936 5943 5947 5958 5964 5977 5978 5983 5989 
5990 5991 6007 6017 6022 6043 6044 6055 6056 6060 6061 6062 6064 6079 6116 
6215 6220 6247 6258 6272 6273 6287 6293 6297 6299 6309 6310 6325 6353 6354 
6355 6381 6381 6398 6403 6416 6433 6457 6464 6497 6518 6568 6569 6578 6578 
6582 6583 6603 6611 6616 6627 6632 6633 6633 6660 6681 6690 6701 6703 6710 
6717 6722 6732 6742 6742 6764 6765 6784 6799 6856 6863 6867 6872 6904 6910 
6962 6970 6988 6992 6997 7008 7010 7016 7028 7031 7043 7056 7059 7068 7077 
7096 7114 7115 7126 7127 7136 7145 7146 7161 7161 7169 7176 7197 7202 7208 
7212 7214 7214 7253 7261 7307 7321 7322 7353 7358 7392 7398 7401 7410 7429 
7443 7445 7448 7453 7465 7469 7470 7509 7511 7513 7516 7529 7537 7537 7551 
7555 7567 7568 7619 7626 7630 7642 7671 7681 7711 7711 7722 7739 7749 7757 
7762 7770 7772 7788 7795 7802 7815 7821 7823 7827 7829 7839 7842 7867 7867 
7869 7873 7883 7890 7894 7904 7915 7929 7934 7943 7951 7965 7966 7979 7980 
8014 8034 8038 8040 8044 8047 8048 8053 8070 8090 8097 8100 8117 8124 8147 
8152 8157 8178 8188 8191 8193 8194 8230 8245 8247 8251 8251 8252 8269 8272 
8272 8292 8301 8304 8334 8335 8340 8354 8365 8423 8442 8472 8504 8506 8506 
8523 8534 8539 8548 8558 8566 8569 8574 8576 8579 8582 8596 8611 8645 8650 
8661 8679 8687 8688 8713 8714 8725 8733 8761 8766 8774 8777 8779 8787 8788 
8796 8797 8811 8848 8855 8868 8924 8927 8943 8949 8960 8962 8977 8983 8997 
9003 9006 9023 9025 9028 9038 9043 9049 9053 9055 9056 9061 9061 9067 9069 
9071 9092 9097 9104 9116 9145 9147 9159 9180 9185 9188 9206 9215 9222 9233 
9243 9244 9245 9264 9271 9275 9289 9291 9302 9312 9314 9326 9327 9328 9342 
9344 9345 9345 9357 9359 9378 9382 9414 9436 9454 9473 9512 9522 9524 9524 
9533 9557 9557 9562 9562 9565 9579 9621 9622 9681 9688 9694 9704 9743 9746 
9773 9784 9784 9787 9790 9792 9807 9814 9832 9842 9846 9850 9856 9860 9881 
9891 9897 9900 9913 9918 9920 9931 9934 9997 9997 